-3.4505e-01 -1.2184e-01 0.0000e+00
1.3564e+00 -2.2340e-01 1.0000e+00
-4.3348e-01 -1.9753e-01 0.0000e+00
8.9562e-01 2.0522e+00 1.0000e+00
1.5445e+00 2.0175e+00 1.0000e+00
1.0328e+00 9.6936e-01 0.0000e+00
-3.2257e-01 -9.0178e-01 0.0000e+00
1.3642e+00 2.6764e+00 1.0000e+00
6.7878e-01 -6.7992e-01 0.0000e+00
-2.2063e+00 1.4508e+00 0.0000e+00
3.1880e+00 2.3169e+00 1.0000e+00
-1.4073e+00 -4.4805e-01 0.0000e+00
2.6723e+00 2.4075e+00 1.0000e+00
1.9015e+00 1.3365e+00 1.0000e+00
4.1632e+00 3.3365e+00 1.0000e+00
-3.5596e-01 9.5427e-01 0.0000e+00
1.9318e+00 3.7133e+00 1.0000e+00
2.6141e+00 2.9222e+00 1.0000e+00
2.5766e+00 1.7917e+00 1.0000e+00
1.3054e+00 1.8504e+00 1.0000e+00
1.2301e+00 2.5392e+00 1.0000e+00
-1.0108e+00 -1.6806e+00 0.0000e+00
-2.9173e-01 4.7664e-01 0.0000e+00
-9.7658e-02 -1.1848e+00 0.0000e+00
-1.4363e-01 2.0657e-01 0.0000e+00
3.6444e-01 -1.2422e+00 0.0000e+00
-9.0318e-01 7.2245e-01 0.0000e+00
1.3676e+00 -1.4773e+00 0.0000e+00
-1.6651e+00 4.0083e-01 0.0000e+00
3.8832e+00 6.5224e-01 1.0000e+00
7.3029e-01 7.0238e-01 0.0000e+00
1.7698e+00 -1.9544e+00 0.0000e+00
8.2688e-01 3.9436e+00 1.0000e+00
2.6252e+00 3.9794e-01 1.0000e+00
2.7718e+00 2.8235e+00 1.0000e+00
9.9978e-01 4.5523e-01 1.0000e+00
7.0714e-01 2.2671e+00 1.0000e+00
-1.3131e+00 -2.2263e+00 0.0000e+00
9.6576e-01 2.6816e+00 1.0000e+00
4.3831e+00 2.9445e+00 1.0000e+00
-3.0530e+00 1.5362e-01 0.0000e+00
3.1266e+00 9.2007e-01 1.0000e+00
6.8409e-01 1.5384e+00 1.0000e+00
2.9209e+00 2.3187e+00 1.0000e+00
2.2982e+00 3.3264e+00 1.0000e+00
4.7874e-01 1.7409e+00 0.0000e+00
9.8825e-01 1.3959e+00 0.0000e+00
4.5009e-01 -6.5136e-01 0.0000e+00
-4.8950e-01 1.2859e+00 0.0000e+00
2.3960e+00 9.0694e-01 1.0000e+00
-8.4791e-01 -3.4365e-01 0.0000e+00
6.3940e-01 -1.7348e+00 0.0000e+00
-8.8733e-01 -8.0230e-01 0.0000e+00
1.2641e+00 -9.9843e-02 0.0000e+00
-1.8693e-01 -1.3541e+00 0.0000e+00
1.9607e+00 8.3191e-01 1.0000e+00
-3.4338e-02 -2.0362e+00 0.0000e+00
1.1966e+00 1.3105e+00 1.0000e+00
7.7456e-01 2.8444e+00 1.0000e+00
2.8568e+00 1.3490e+00 1.0000e+00
1.5648e+00 3.8493e+00 1.0000e+00
3.8676e+00 2.9060e+00 1.0000e+00
1.5864e+00 1.2525e+00 1.0000e+00
7.2952e-01 2.9694e+00 1.0000e+00
-2.1302e+00 -3.7218e-02 0.0000e+00
-1.1343e+00 -8.6274e-01 0.0000e+00
-5.2818e-01 -7.1668e-02 0.0000e+00
1.2552e+00 1.1736e+00 1.0000e+00
1.7320e+00 2.8025e+00 1.0000e+00
-1.5486e+00 -1.9200e+00 0.0000e+00
-1.3955e+00 -1.1310e-01 0.0000e+00
3.9229e+00 3.4805e+00 1.0000e+00
-1.1725e+00 -8.5955e-01 0.0000e+00
2.5233e+00 1.8285e+00 1.0000e+00
-6.0322e-01 -8.9401e-02 0.0000e+00
-2.1139e+00 -7.1274e-01 0.0000e+00
-1.7528e+00 2.7749e-01 0.0000e+00
1.1388e+00 3.9101e+00 1.0000e+00
-1.3878e+00 -2.4808e+00 0.0000e+00
2.3764e+00 9.0060e-01 1.0000e+00
1.3257e+00 2.0318e+00 1.0000e+00
2.1667e+00 2.6350e+00 1.0000e+00
2.9494e+00 2.0876e+00 1.0000e+00
2.6104e-01 -3.7832e-01 0.0000e+00
1.6460e+00 6.2505e-01 1.0000e+00
8.5253e-01 1.5622e+00 1.0000e+00
-1.0097e+00 -9.3807e-01 0.0000e+00
1.5020e+00 3.9295e+00 1.0000e+00
-5.6137e-02 -1.6633e-01 0.0000e+00
1.2604e+00 3.5430e+00 1.0000e+00
9.9408e-01 -7.0516e-01 0.0000e+00
-8.1155e-01 -4.4383e-01 0.0000e+00
-1.3708e+00 -1.0788e+00 0.0000e+00
5.0874e-01 2.4394e+00 1.0000e+00
-4.5424e-01 -6.8718e-01 0.0000e+00
-1.5708e+00 5.5445e-01 0.0000e+00
1.0872e+00 3.1170e+00 1.0000e+00
-3.7309e-01 -9.8011e-02 0.0000e+00
2.9473e+00 1.8450e+00 1.0000e+00
2.2909e-01 -3.7102e-01 0.0000e+00
